`.RNG.name` <- "base::Mersenne-Twister"
`.RNG.state` <- 
c(507L,1868993252L,-996665817L,1027537968L,-2040992908L,1031060526L,1168293533L,-1090961809L,50819768L,406699698L,735721272L,-342956587L,-2001336992L,-1339839045L,1097380091L,623407529L,-1368277106L,-1580985029L,-340837589L,-373034370L,-823031825L,2110773487L,-1706058417L,-205912755L,-1769730283L,-722848225L,-2030032820L,-876318946L,-1863509512L,1205223207L,1100501969L,1225156545L,676600202L,1188180995L,-109832648L,-1114675422L,1603767926L,47467851L,1574643692L,-1356369764L,-852187998L,676728665L,1521532670L,1117443375L,1733964029L,-1608804669L,-1805783862L,231981947L,-808361715L,-1432414845L,-1577042013L,877841061L,-1976207356L,898609145L,1666409321L,-1087076545L,-355377566L,-306275217L,1228738995L,-653846697L,552738763L,-1285386533L,1615250265L,-492764074L,-1739103515L,1860856392L,-290203101L,-563856994L,-1090929106L,1202735407L,-1579820453L,24269022L,1391225987L,-1808168313L,741946509L,-1253660810L,944440361L,2041839187L,1350878L,-1877034562L,-1080689463L,1679101243L,1206849139L,112533522L,-1199694372L,147593931L,-837821810L,-1551340291L,-888554939L,967321571L,1083583186L,1177160327L,-1793115960L,882084418L,377310847L,1715679145L,-147756669L,1425908117L,-1989614193L,-1907522883L,-637765671L,-1823780921L,855571705L,379837921L,514874475L,1247554149L,1357259601L,269252895L,-1489394825L,-1123915805L,-2136731446L,-1158646623L,203296957L,1522065125L,-130319665L,-1410197924L,-2134137990L,1517759144L,-1594533439L,-1824943780L,-792181509L,340785440L,1996714827L,1578960839L,-884486739L,792959765L,1283342541L,412967716L,171377410L,-1850345223L,-413320132L,-915154985L,2065751097L,-992569424L,-1922509858L,998240737L,2078775372L,574931829L,-1839705683L,-186972040L,1041946190L,-1886687547L,-951882626L,-1823833240L,-1258964484L,-743845866L,-1703099423L,-913027788L,688529664L,-942354141L,-30141106L,-267045038L,-1101146986L,991539389L,1556788847L,-1178728744L,-1651946592L,-1633387791L,-360612740L,-482879074L,2042413814L,233419829L,-1726761501L,1770778752L,-54560823L,253670941L,-1124241935L,1483811491L,-1999593648L,-241266637L,424007869L,171809183L,-124598895L,-845867208L,752132224L,-534189589L,-1962293136L,2079984714L,1022688151L,878083256L,113831091L,200644184L,1856328852L,1575169778L,1463210154L,384542495L,-395970361L,-1938539742L,-142062045L,410316182L,1613349910L,-255599584L,1882491L,-6804682L,789858880L,-476507673L,2002630152L,-492189076L,-169802353L,-1673869623L,1483411742L,2048086430L,-1715906573L,-85808683L,-125827039L,237238649L,1869367931L,1375378219L,891312055L,1820075274L,936425396L,-1025108102L,-292759401L,-624282234L,2128802604L,829556271L,1394479543L,738573179L,-1024576525L,923996746L,-1537518885L,-1294636917L,1307470824L,-949709626L,925161106L,-1078476726L,374388970L,-1412466893L,1193343804L,1863696753L,-99700774L,-288798020L,-498962139L,-1973514189L,37300640L,812438113L,-1088237284L,102221636L,-205520827L,1998404146L,-1543860413L,-1077114020L,1736501017L,-1016396570L,933648180L,-659795537L,1501292510L,-120217540L,-386636339L,-1774806706L,-1909100816L,-843753827L,-684026550L,-1983221902L,-962718961L,1064754613L,-267044502L,1280450729L,27601217L,-692468232L,495700564L,1191856643L,967188840L,1305710470L,-694395542L,598359290L,-1377065135L,1949583147L,319849517L,-503294092L,1162476807L,284951345L,548377473L,-957580232L,1840186988L,1514922272L,489817625L,-704727234L,407057129L,243452079L,-961363651L,-123846485L,2072631300L,-1091192652L,284071192L,-1391572473L,1862862436L,753364195L,-1692466787L,1950381230L,-1838581941L,-288148643L,-252368610L,-240692740L,-825140059L,-1148499579L,-1072707893L,1642573393L,-956139970L,1907735059L,-341759550L,687143003L,-1505358364L,347106646L,-563527521L,-539654524L,1488976124L,-23354141L,859022425L,1966953650L,-1186569406L,-1771611743L,1444138871L,-848102280L,-1959491790L,-1283028016L,274483804L,-759537297L,524744191L,-1917800883L,137716418L,-52815701L,-556432088L,635825637L,193787878L,1856412649L,2001698777L,-1864648399L,-269277148L,-1883709592L,490474075L,-688283210L,-559183067L,-1156373410L,840121927L,1985102565L,1792378970L,-735037136L,-273518809L,-1116786145L,-884545121L,325130165L,1783435279L,808627410L,-292720966L,2087827901L,208673872L,72303374L,1993523457L,936779900L,1721649748L,-1432554755L,-1076570848L,1164940716L,1182773654L,-442426262L,2048124327L,1647327213L,-339086065L,2133336980L,537534869L,-241191783L,-721266457L,36760676L,1121320304L,66565752L,270349137L,-337173153L,-936991252L,743736379L,-679279753L,-1615842296L,-658426323L,-914577694L,392209984L,-972131176L,-706063908L,2122661288L,-2052445065L,1610883946L,1641426181L,-462105303L,-634975683L,-1145222830L,-1321648804L,-1651201963L,-1113749514L,166964628L,1644244312L,44412049L,-980734397L,1186804632L,-1572740318L,976482410L,1876725432L,510946866L,-217945273L,211192414L,-1417177923L,-1081475938L,1667447875L,2070196790L,-1625712217L,2032713012L,290313976L,1570062220L,851447601L,853760337L,165375230L,-519204218L,-813859575L,-563745050L,-1149629965L,-1670246491L,-379872989L,20174382L,-1725595748L,-1239701618L,251343389L,-208296914L,-113112406L,-314801573L,665571379L,-245493183L,-2124776205L,-1543306347L,2105131260L,-170611457L,651348562L,-1429340631L,62842471L,1984378753L,318862054L,1135364668L,1828373591L,1160050297L,1037647470L,1531257078L,689179378L,-1967235216L,-293659558L,-1832171709L,1924938936L,-252896496L,-348605591L,365202629L,2137472511L,1330373588L,1419755555L,636788063L,-625625761L,-907812921L,-828563429L,1471325983L,1650963226L,-636183574L,-530502775L,-1012689760L,-1285928266L,1584414698L,-221514859L,1604553136L,326035905L,-1700123798L,1314098809L,-371906692L,-456353814L,-165670581L,1272211532L,-2065776148L,628648419L,-1487652937L,1959907770L,-1359696026L,201845583L,-292740546L,1369060068L,-596930417L,1358180004L,-1500634616L,-1457002267L,-906631113L,-868945626L,-1295137106L,1622547930L,1317974373L,-106012812L,619541214L,-877720215L,1140907405L,2105850178L,-1251458328L,-1355897161L,-1986853187L,-123181473L,1346721223L,586435361L,633589593L,-580858676L,-505222141L,-33186236L,-168802833L,953809675L,226783839L,-1997762825L,35542931L,1136684763L,-1733212180L,-1168279434L,-894419329L,-526018725L,-31046640L,1291120797L,2045088754L,-182911363L,-1871433171L,-317080913L,129647915L,-501367936L,-1251082351L,-1568186420L,1069826648L,279279939L,-1734219761L,1377016526L,-711941531L,1894837756L,-1919744173L,104111123L,-2090949809L,-537869546L,-647377927L,1303297892L,-723547233L,-806911997L,-1438125900L,1374235397L,686819320L,1719994065L,259782580L,-2041293495L,-1375412014L,1040694671L,-646032061L,148581836L,146899632L,672740013L,241670192L,-1440488239L,164793735L,-841461164L,2068206223L,701991734L,526109655L,1560361761L,-1673955965L,1159769725L,-470333144L,1158351982L,-837553703L,2072528096L,-1138031714L,1517476384L,614236838L,1807552071L,1371726096L,-901134931L,1150391264L,-1629130507L,-453611328L,1036099522L,836727118L,-1406824325L,-1070197308L,249067770L,295728641L,-352175311L,-526034899L,1950597968L,1867607578L,-1244828380L,969237985L,1503695139L,-985222044L,-1013163457L,-1475479588L,-2025866869L,-1536181490L,156781807L,-1362165724L,85339128L,-924985458L,-1389167798L,-1809606495L,-76796184L,-540562475L,560791703L,846456541L,-1584660220L,1801732666L,319665795L,428833990L,-1714616069L,-39561614L,-222488279L,1806201333L,1767242852L,-195811616L,-12801477L,1260427991L,1858059006L,-320957709L,1968627652L,-1663621433L,-350899788L,-272886133L,-241025989L,645807950L,37384367L,-1894316532L,864343527L,583604309L,-1559094968L,-1703117134L,2066072364L)
`Se` <- 
0.737123
`Sp` <- 
0.757384
`pi` <- 
c(0.102898,0.0165364)
