`.RNG.name` <- "base::Mersenne-Twister"
`.RNG.state` <- 
c(224L,-890611466L,-356938098L,486946580L,-484856927L,959718477L,38678505L,250017641L,-1619024867L,-1196053612L,-46312114L,-292890274L,1770498079L,1266071548L,-1019117942L,1197780227L,397098038L,872132365L,691660620L,-2118026573L,-1334297963L,797401810L,1054630306L,-1424680783L,-490519566L,1982330988L,223698827L,2009841479L,535727025L,1145717301L,-1057997877L,-565802835L,1524068115L,-145762626L,-343341271L,-522730347L,-1771484236L,1949924850L,1362821232L,445086312L,-904594697L,888372823L,-771340629L,-252173252L,-1949553473L,1588366741L,1168340582L,1871130250L,-2057616691L,655233309L,-539969137L,481200908L,578004085L,1873567365L,687611032L,1513589642L,1323751765L,-440347512L,946063233L,995691896L,-1905700360L,-1995439101L,1381084264L,-35366266L,1196283441L,610611978L,-1302180903L,-1002559735L,-1340946786L,-804670261L,-288739814L,460394745L,-429260424L,1339023724L,737169009L,1139910458L,-1315349003L,-1999116933L,-1408275415L,-704096663L,1361414080L,1606715725L,-1637590461L,345877217L,1541091664L,-1558237287L,2000652900L,1782281776L,-473897557L,1152449017L,474879020L,-1397076999L,1293104110L,-466397222L,-1473592882L,-1798330876L,1052438324L,242061384L,60271253L,1954684694L,-2040432700L,386059530L,1103084683L,1377158361L,701667675L,1818500073L,1013103534L,-1120760423L,-317174771L,1996777482L,-1943346824L,439469541L,223478807L,192107156L,1482374311L,-2033725314L,1809358902L,38654243L,-6133898L,246809286L,1086678120L,-1977004656L,2062751261L,929575280L,2137115141L,151392920L,1767445334L,664295284L,1436271249L,-850597615L,-349025891L,762868071L,500118648L,1244210422L,-383754701L,271810854L,161872112L,-1060128813L,-47556781L,-1367668704L,-149106419L,-1353610392L,628171910L,-7599806L,-1800247396L,-31565247L,1669487111L,-2034090510L,1914109004L,-434753474L,-1232135808L,1847637358L,295706282L,-749172588L,-1560880539L,1296690236L,-1479154350L,1590929467L,1752419810L,1435698903L,60854910L,-1213456191L,538754915L,1553957349L,-439656161L,-92872276L,160952681L,1805436671L,-81438897L,1332835754L,1277857812L,-553391062L,-581510470L,-1180932729L,-1200724443L,819891206L,803843931L,505608397L,-2123499202L,324305426L,1972630444L,1612667579L,-1620798610L,-113429306L,-149063474L,-1381801621L,-1465738524L,83853309L,1961835559L,1665871455L,1766069860L,-1960120086L,1012715511L,1392389251L,1123777712L,-1679835750L,1237108685L,-1820286704L,1431667353L,-340697374L,-1511494599L,1417461443L,914517800L,2014086668L,-1302238961L,758612762L,-1227551913L,242263812L,1888842427L,-1786677865L,1482189768L,1502079035L,1054924998L,1741896782L,-1077069965L,1548810205L,194820702L,-2095695881L,-348731295L,1424988115L,1825978593L,369412630L,627214013L,-2016099392L,1508627967L,-1296364102L,-1606813294L,-680930721L,-859177701L,-258459505L,-1437164586L,172402898L,-997233557L,-1303912304L,-980414390L,-1193662291L,-1622526349L,1519456700L,-1105220357L,853625138L,-1156516229L,-1914577676L,672413426L,444102051L,1101823352L,-412894102L,1005540173L,-685820535L,-780088218L,1729170551L,-968428460L,-1199090801L,-1214637121L,1254004070L,195350531L,214572717L,1910086691L,-744014451L,-639434124L,-283026240L,-1066300450L,810754676L,1474476859L,1669246839L,-124993389L,236340281L,-107030933L,1483505172L,-345296843L,-22583024L,-561955223L,-406660215L,-1460575717L,-790940488L,-874053856L,-1755634538L,-213045851L,496636115L,1929867427L,579180257L,-1944257014L,-533163943L,1621924522L,186038145L,-129906812L,-66731860L,1337949587L,211394715L,-663005475L,1822110435L,286842967L,785590332L,-862773562L,-1596446343L,1131191419L,1175719210L,1598331618L,-1701661565L,-1288685137L,-810537770L,-1415542837L,-1317764418L,1024287514L,-519142384L,-1259367786L,1300802664L,797912310L,425513830L,1002219240L,1651246584L,-1745618063L,-1486075211L,2143637460L,1920812734L,-899389354L,313953720L,-344851891L,-71022047L,-1007631055L,1803833588L,-1585144773L,-333908288L,-749308788L,862714059L,-1178546275L,-986304001L,265414962L,-530639698L,1455670717L,603576417L,809256830L,-343410773L,-2081919530L,-1870078576L,1294105370L,159437036L,364947206L,-782110730L,1134085497L,-95601230L,-1482762555L,-433595867L,196179054L,1887568394L,1332075333L,852171341L,-1187690011L,524455394L,-1757304299L,1243623173L,-692350186L,13629898L,-1030000777L,354873444L,961205242L,627429847L,-1861552026L,225221540L,-817798126L,-1141927353L,-1042990070L,-1702348365L,-1750778887L,1265170336L,-1996182410L,-1370057529L,-500017693L,229029830L,-1674957250L,-1696347900L,-1653355722L,-1295645622L,1424732079L,613926355L,2032806787L,2105586670L,574805031L,-770092725L,-658750679L,-832428031L,-1374686120L,-875581918L,893091517L,1633139143L,-1532341237L,446094303L,-170658908L,1262372499L,-644314597L,-1882037589L,1629831409L,-1445677911L,242716827L,528470704L,-1609385605L,316437390L,-2094002532L,874039685L,97901480L,-1105603213L,-1038880571L,-489031647L,1713449407L,-1016004237L,-819869693L,1303100425L,-1216347109L,-2016228993L,-834554377L,-2040552532L,-415409979L,-2078172391L,2087361315L,74402165L,2134609995L,750485635L,1972660432L,2040053088L,-932768645L,1445591082L,-2072567681L,-416878251L,1649877280L,-985395603L,1223017844L,-591913812L,-1902762538L,-929202999L,-421157863L,-1441317318L,-1625792104L,2144037297L,700456856L,-2078232814L,970641231L,-968616193L,-185471807L,-307111163L,940945364L,-1062312251L,1813454403L,-45830527L,-1494108211L,1606054038L,561636355L,2097760956L,9639395L,7630753L,1140818661L,-540628150L,-1466340455L,-680984715L,1309322093L,-523133816L,-246898933L,-1075957327L,-1893693580L,1517655216L,2062459982L,-1245135533L,-234676075L,585908538L,-1114561443L,-776049602L,-109691428L,1663475338L,1615086676L,-1526296232L,-1931929997L,-2080804297L,-2023751222L,-1601326688L,1897347933L,-1495201728L,-10842797L,-2098882288L,-2028662287L,-382565868L,265559071L,1944069041L,-1691498490L,-1856857426L,1301981955L,1773299751L,-554903226L,-1000135600L,1949608397L,-1980887880L,1960233654L,1258156966L,-1573659642L,-2036061588L,-1183126718L,-18600004L,-1398060981L,1737618295L,-350917695L,367936658L,-1474195342L,-2015444409L,232205622L,938616356L,1987443964L,-1260937239L,140487679L,-772580826L,-1875097450L,-1205146308L,-1977642058L,1737985759L,1808048792L,-30182690L,-1316244071L,-1542000140L,-927052979L,1285791272L,-1939348356L,1763915818L,-1368312060L,-91777147L,1995036646L,-1483877603L,181128907L,-1560917093L,-1446773488L,-1760073158L,-1928491811L,589467412L,1523033786L,-1478810825L,1472031376L,1646779010L,-93482560L,-1547365427L,305956439L,1166138893L,-1956328214L,-1093389506L,228383917L,-960750899L,-541324319L,-1011105055L,14395956L,1931783083L,1456535171L,-2081911296L,376395538L,427274251L,1223795784L,1352034537L,-459412037L,-1081552023L,-2068142547L,-1834526504L,803031224L,2081497990L,-1781805511L,90010296L,1647354430L,-630641311L,-423914420L,-1220295876L,-399387525L,290982742L,-923218010L,2099241538L,-519947989L,-1753154348L,-725823225L,-830726102L,1075640708L,2020703869L,-1321335491L,472180539L,371231945L,-1542935588L,-1613245225L,1440596639L,-2099235879L,2052498354L,-611907690L,-1511037056L,545069574L,1145747968L,-1929852008L,1494042347L,-667424591L,-351041345L,-298633853L,-72872795L,-1348439806L,1678850020L,-1492376122L,-563556643L,-2041423090L,-255521357L,-571963927L,857657751L,1955380452L,-824690210L,783292327L,-685822963L,-174345238L,1516108520L,617358766L,-1763662093L,-638686554L,-654481935L,1586681770L,-1646583717L,374726870L,1283039978L,-159379092L,1406123104L,750332625L,1032934547L,-761118779L,-1059128433L,5283568L,1050347094L,2011463444L,-1320832409L,-1529930948L,-1004575644L,292414974L)
`Se` <- 
0.750215
`Sp` <- 
0.764162
`pi` <- 
c(0.0296821,0.0520227)
